{
 "cells": [
  {
   "cell_type": "code",
   "execution_count": 1,
   "metadata": {},
   "outputs": [],
   "source": [
    "import pandas as pd\n",
    "import numpy as np\n",
    "from tqdm import tqdm\n",
    "from sklearn import model_selection\n",
    "from sklearn.metrics import accuracy_score\n",
    "import xgboost as xgb\n",
    "import warnings\n",
    "import matplotlib.pyplot as plt\n",
    "import plotly.express as px\n",
    "\n",
    "warnings.filterwarnings('ignore')"
   ]
  },
  {
   "cell_type": "markdown",
   "metadata": {},
   "source": [
    "Lecture des données"
   ]
  },
  {
   "cell_type": "code",
   "execution_count": 2,
   "metadata": {},
   "outputs": [],
   "source": [
    "path_to_data = r\"C:\\Users\\meghn\\Documents\\Dauphine\\Master\\M2 Finance Quantitative\\Semestre 2\\Machine Learning\\data\\\\\"\n",
    "train_home_team_statistics_df = pd.read_csv(path_to_data+'Train_Data/train_home_team_statistics_df.csv', index_col=0)\n",
    "train_away_team_statistics_df = pd.read_csv(path_to_data+'Train_Data/train_home_team_statistics_df.csv', index_col=0)\n",
    "train_scores = pd.read_csv(path_to_data+'Y_train_1rknArQ.csv', index_col=0)\n",
    "\n",
    "train_home = train_home_team_statistics_df.iloc[:,2:]\n",
    "train_away = train_away_team_statistics_df.iloc[:,2:]\n",
    "\n",
    "train_home.columns = 'HOME_' + train_home.columns\n",
    "train_away.columns = 'AWAY_' + train_away.columns\n",
    "\n",
    "train_data =  pd.concat([train_home,train_away],join='inner',axis=1)\n",
    "train_scores = train_scores.loc[train_data.index]\n",
    "\n",
    "train_data = train_data.replace({np.inf:np.nan,-np.inf:np.nan})\n"
   ]
  },
  {
   "cell_type": "markdown",
   "metadata": {},
   "source": [
    "On essaie de sélectionner les features qui nous sont pertinentes."
   ]
  },
  {
   "cell_type": "code",
   "execution_count": 3,
   "metadata": {},
   "outputs": [],
   "source": [
    "test1 = train_home_team_statistics_df.reset_index().merge(train_scores.reset_index(), on=\"ID\").set_index('ID')"
   ]
  },
  {
   "cell_type": "code",
   "execution_count": 4,
   "metadata": {},
   "outputs": [],
   "source": [
    "corr_home = test1.iloc[:,2:].corr(numeric_only=False)\n",
    "cols_to_keep = train_scores.columns.to_list()"
   ]
  },
  {
   "cell_type": "code",
   "execution_count": 7,
   "metadata": {},
   "outputs": [],
   "source": [
    "# sorted_mat = corr_home.unstack().sort_values() \n",
    "upper_corr_mat = corr_home.where( \n",
    "    np.triu(np.ones(corr_home.shape), k=1).astype(bool)) \n",
    "unique_corr_pairs = upper_corr_mat.unstack().dropna() \n",
    "sorted_mat = unique_corr_pairs.sort_values() "
   ]
  },
  {
   "cell_type": "code",
   "execution_count": 11,
   "metadata": {},
   "outputs": [],
   "source": [
    "sorted_mat.to_excel(\"matrice_corr_home.xlsx\")"
   ]
  },
  {
   "cell_type": "code",
   "execution_count": 12,
   "metadata": {},
   "outputs": [],
   "source": [
    "shots = [col for col in test1 if 'SHOTS' in col]"
   ]
  },
  {
   "cell_type": "code",
   "execution_count": 23,
   "metadata": {},
   "outputs": [
    {
     "data": {
      "application/vnd.plotly.v1+json": {
       "config": {
        "plotlyServerURL": "https://plot.ly"
       },
       "data": [
        {
         "coloraxis": "coloraxis",
         "hovertemplate": "x: %{x}<br>y: %{y}<br>color: %{z}<extra></extra>",
         "name": "0",
         "type": "heatmap",
         "x": [
          "TEAM_SHOTS_TOTAL_season_sum",
          "TEAM_SHOTS_INSIDEBOX_season_sum",
          "TEAM_SHOTS_OFF_TARGET_season_sum",
          "TEAM_SHOTS_ON_TARGET_season_sum",
          "TEAM_SHOTS_OUTSIDEBOX_season_sum",
          "TEAM_SHOTS_TOTAL_season_average",
          "TEAM_SHOTS_INSIDEBOX_season_average",
          "TEAM_SHOTS_OFF_TARGET_season_average",
          "TEAM_SHOTS_ON_TARGET_season_average",
          "TEAM_SHOTS_OUTSIDEBOX_season_average",
          "TEAM_SHOTS_TOTAL_season_std",
          "TEAM_SHOTS_INSIDEBOX_season_std",
          "TEAM_SHOTS_OFF_TARGET_season_std",
          "TEAM_SHOTS_ON_TARGET_season_std",
          "TEAM_SHOTS_OUTSIDEBOX_season_std",
          "TEAM_SHOTS_TOTAL_5_last_match_sum",
          "TEAM_SHOTS_INSIDEBOX_5_last_match_sum",
          "TEAM_SHOTS_OFF_TARGET_5_last_match_sum",
          "TEAM_SHOTS_ON_TARGET_5_last_match_sum",
          "TEAM_SHOTS_OUTSIDEBOX_5_last_match_sum",
          "TEAM_SHOTS_TOTAL_5_last_match_average",
          "TEAM_SHOTS_INSIDEBOX_5_last_match_average",
          "TEAM_SHOTS_OFF_TARGET_5_last_match_average",
          "TEAM_SHOTS_ON_TARGET_5_last_match_average",
          "TEAM_SHOTS_OUTSIDEBOX_5_last_match_average",
          "TEAM_SHOTS_TOTAL_5_last_match_std",
          "TEAM_SHOTS_INSIDEBOX_5_last_match_std",
          "TEAM_SHOTS_OFF_TARGET_5_last_match_std",
          "TEAM_SHOTS_ON_TARGET_5_last_match_std",
          "TEAM_SHOTS_OUTSIDEBOX_5_last_match_std",
          "HOME_WINS",
          "DRAW",
          "AWAY_WINS"
         ],
         "xaxis": "x",
         "y": [
          "TEAM_SHOTS_TOTAL_season_sum",
          "TEAM_SHOTS_INSIDEBOX_season_sum",
          "TEAM_SHOTS_OFF_TARGET_season_sum",
          "TEAM_SHOTS_ON_TARGET_season_sum",
          "TEAM_SHOTS_OUTSIDEBOX_season_sum",
          "TEAM_SHOTS_TOTAL_season_average",
          "TEAM_SHOTS_INSIDEBOX_season_average",
          "TEAM_SHOTS_OFF_TARGET_season_average",
          "TEAM_SHOTS_ON_TARGET_season_average",
          "TEAM_SHOTS_OUTSIDEBOX_season_average",
          "TEAM_SHOTS_TOTAL_season_std",
          "TEAM_SHOTS_INSIDEBOX_season_std",
          "TEAM_SHOTS_OFF_TARGET_season_std",
          "TEAM_SHOTS_ON_TARGET_season_std",
          "TEAM_SHOTS_OUTSIDEBOX_season_std",
          "TEAM_SHOTS_TOTAL_5_last_match_sum",
          "TEAM_SHOTS_INSIDEBOX_5_last_match_sum",
          "TEAM_SHOTS_OFF_TARGET_5_last_match_sum",
          "TEAM_SHOTS_ON_TARGET_5_last_match_sum",
          "TEAM_SHOTS_OUTSIDEBOX_5_last_match_sum",
          "TEAM_SHOTS_TOTAL_5_last_match_average",
          "TEAM_SHOTS_INSIDEBOX_5_last_match_average",
          "TEAM_SHOTS_OFF_TARGET_5_last_match_average",
          "TEAM_SHOTS_ON_TARGET_5_last_match_average",
          "TEAM_SHOTS_OUTSIDEBOX_5_last_match_average",
          "TEAM_SHOTS_TOTAL_5_last_match_std",
          "TEAM_SHOTS_INSIDEBOX_5_last_match_std",
          "TEAM_SHOTS_OFF_TARGET_5_last_match_std",
          "TEAM_SHOTS_ON_TARGET_5_last_match_std",
          "TEAM_SHOTS_OUTSIDEBOX_5_last_match_std",
          "HOME_WINS",
          "DRAW",
          "AWAY_WINS"
         ],
         "yaxis": "y",
         "z": [
          [
           1,
           0.8478718091882285,
           0.7540895325128836,
           0.7681447368600204,
           0.6588726189167693,
           0.8883741372086471,
           0.8186078617311977,
           0.7275004194973147,
           0.7371754088460676,
           0.6117721897890196,
           0.4107710788688249,
           0.4269871973880406,
           0.3208877599164134,
           0.4173909500585051,
           0.27053114211516266,
           0.6970897327850676,
           0.6234761556172407,
           0.46979441973563363,
           0.530316942962466,
           0.44197838567704456,
           0.688531972697469,
           0.6176047829757673,
           0.46867182180048206,
           0.5297029903860657,
           0.4371011381512386,
           0.23055978182726947,
           0.24850903379223374,
           0.1888064309521572,
           0.22607815355615263,
           0.1732697286302277,
           0.16913196713550505,
           -0.04292053718273975,
           -0.14129924550389303
          ],
          [
           0.8478718091882285,
           1,
           0.6671356992153545,
           0.7568847412032973,
           0.3451263173530617,
           0.806516581346565,
           0.9599082277890035,
           0.6446840554469415,
           0.7339860217123693,
           0.2970083566042556,
           0.36190847680398514,
           0.4745242389256511,
           0.3133024437110556,
           0.39373189344302617,
           0.13305917628687297,
           0.6116385467499461,
           0.7190088061121734,
           0.416609987416242,
           0.5294766354024518,
           0.2331354234010303,
           0.607167272457681,
           0.7111271280674658,
           0.41604133745810157,
           0.5279496164925849,
           0.22604770672509364,
           0.19170213437846892,
           0.2700874809691217,
           0.1697611789135965,
           0.20821892055549251,
           0.10282750656018226,
           0.19210598871483886,
           -0.05571414539782561,
           -0.15363274034185173
          ],
          [
           0.7540895325128836,
           0.6671356992153545,
           1,
           0.5306735674107396,
           0.5811118689420671,
           0.7463269211275388,
           0.6458957824214353,
           0.9569978835491944,
           0.5047118963769397,
           0.5506624683871929,
           0.3470181699119035,
           0.3609107307556843,
           0.44256635769156755,
           0.2587215984204864,
           0.23748109315890786,
           0.5742873360438029,
           0.4956382420375741,
           0.6200253145108553,
           0.34304276388827276,
           0.39254967367797927,
           0.5772387418380687,
           0.4938366301985845,
           0.619723139111583,
           0.34216898121572287,
           0.3934347553883583,
           0.1940425924349018,
           0.2004639837643961,
           0.25164728368294087,
           0.1328174368465022,
           0.14193946069139915,
           0.13260548167288774,
           -0.0360371321795871,
           -0.10844187728624172
          ],
          [
           0.7681447368600204,
           0.7568847412032973,
           0.5306735674107396,
           1,
           0.45679082100379315,
           0.7530105671917678,
           0.7585124940282518,
           0.5146904954881223,
           0.9669416018716556,
           0.4309671841520717,
           0.3388719741357023,
           0.37317247915646296,
           0.23741700279554867,
           0.49353682926896225,
           0.18860524938732204,
           0.5901273500589614,
           0.5614689201318006,
           0.32716893916137574,
           0.6839020948053932,
           0.3093118440023276,
           0.5928664712659573,
           0.5616170252556368,
           0.32649027103056166,
           0.6832485509524011,
           0.31051522337530435,
           0.19130293924000255,
           0.21254928103101245,
           0.135242190189222,
           0.2826318663964869,
           0.1180763453841655,
           0.17569269296739873,
           -0.051991738173008006,
           -0.1396511118102471
          ],
          [
           0.6588726189167693,
           0.3451263173530617,
           0.5811118689420671,
           0.45679082100379315,
           1,
           0.6385159756734491,
           0.31817646336354266,
           0.5603273229001199,
           0.4349267370403112,
           0.9489513504469018,
           0.30670940327759894,
           0.17468632273397106,
           0.255945576473121,
           0.2542097425091819,
           0.4410187193237516,
           0.4808292439897111,
           0.2607389116300679,
           0.36593565135593664,
           0.32799582910571246,
           0.6635273548555067,
           0.47897828039894086,
           0.2537493449555969,
           0.36522385787633566,
           0.3266213511836409,
           0.6575946472055358,
           0.1646075645182314,
           0.12177309368739721,
           0.14960343079058402,
           0.1359280398643993,
           0.2669967956115388,
           0.0718788065175838,
           -0.02551556075475094,
           -0.05305145435271323
          ],
          [
           0.8883741372086471,
           0.806516581346565,
           0.7463269211275388,
           0.7530105671917678,
           0.6385159756734491,
           1,
           0.8372352710583864,
           0.7745679627290597,
           0.7691223134768198,
           0.6503351869737773,
           0.42937483977450536,
           0.44816814167373037,
           0.3307022534077551,
           0.41521756828454204,
           0.2871898484087619,
           0.716844681110744,
           0.6318940103860917,
           0.4959750212928837,
           0.5537461644600113,
           0.4608500210104847,
           0.7244276546612618,
           0.6311033199013089,
           0.49570582912614713,
           0.5523777844027998,
           0.4627057198321839,
           0.2486825889570934,
           0.2620703230170997,
           0.1968666240653187,
           0.22885757768138393,
           0.1793629088170707,
           0.1773015014821171,
           -0.0509568208292996,
           -0.14245128403741522
          ],
          [
           0.8186078617311977,
           0.9599082277890035,
           0.6458957824214353,
           0.7585124940282518,
           0.31817646336354266,
           0.8372352710583864,
           1,
           0.6636975675010699,
           0.7715759510198227,
           0.3080513837083632,
           0.3822801583391368,
           0.4899711210261229,
           0.311286162600263,
           0.41292359999878325,
           0.141790248810198,
           0.6283405181925078,
           0.7318484699375797,
           0.433023279511338,
           0.5551658650186194,
           0.2372233991526472,
           0.6279427761997326,
           0.7335891993607627,
           0.43315505572017526,
           0.554091045474838,
           0.23615073475709175,
           0.20526702614639028,
           0.27872455299973903,
           0.17321047845983062,
           0.22164983797030505,
           0.10442798458307087,
           0.19927827998359302,
           -0.059728252194826484,
           -0.15753028105793435
          ],
          [
           0.7275004194973147,
           0.6446840554469415,
           0.9569978835491944,
           0.5146904954881223,
           0.5603273229001199,
           0.7745679627290597,
           0.6636975675010699,
           1,
           0.5227302904335758,
           0.5702393453620712,
           0.35924502473533143,
           0.3723987664606799,
           0.45172555109504703,
           0.26785971914524764,
           0.24212971013341458,
           0.58877753760899,
           0.506391060447353,
           0.6372712850123377,
           0.3581147058215862,
           0.40373009899152185,
           0.5922470543579137,
           0.504939148968139,
           0.637432963692484,
           0.3575414488108912,
           0.4048567081443692,
           0.19991263229328,
           0.20742157670369663,
           0.25594242228168074,
           0.136743090927253,
           0.1420807599672408,
           0.1382391500238542,
           -0.04159692415304983,
           -0.10921816036681824
          ],
          [
           0.7371754088460676,
           0.7339860217123693,
           0.5047118963769397,
           0.9669416018716556,
           0.4349267370403112,
           0.7691223134768198,
           0.7715759510198227,
           0.5227302904335758,
           1,
           0.4429603013163418,
           0.35035435444005353,
           0.3864598237722352,
           0.23577324650296846,
           0.5013645563632673,
           0.19613816530889044,
           0.5990687185737529,
           0.5718578377952709,
           0.33421859202024146,
           0.6940320656603104,
           0.31838900586714436,
           0.6021539097416246,
           0.5721532080105403,
           0.33372328913224497,
           0.6936585381440189,
           0.3196828860724769,
           0.2009474344599285,
           0.22100919959210893,
           0.13315445604448728,
           0.2857286266565579,
           0.1210538667089093,
           0.17916334718646001,
           -0.05411342129118358,
           -0.14136897355994754
          ],
          [
           0.6117721897890196,
           0.2970083566042556,
           0.5506624683871929,
           0.4309671841520717,
           0.9489513504469018,
           0.6503351869737773,
           0.3080513837083632,
           0.5702393453620712,
           0.4429603013163418,
           1,
           0.32168865824032084,
           0.18293861625563565,
           0.255039068363879,
           0.25568047446566183,
           0.4580863831696193,
           0.48098181580263155,
           0.2476972230238021,
           0.3744946178493499,
           0.3343124682261619,
           0.6750779535499057,
           0.4849518429124709,
           0.2464220067684981,
           0.3745055422284855,
           0.3331763690506748,
           0.6795173323013717,
           0.17069439579492512,
           0.12690367311232528,
           0.1462684120337663,
           0.1387726582240116,
           0.2691482285644569,
           0.0705928319431728,
           -0.02577385627915656,
           -0.05141970855570539
          ],
          [
           0.4107710788688249,
           0.36190847680398514,
           0.3470181699119035,
           0.3388719741357023,
           0.30670940327759894,
           0.42937483977450536,
           0.3822801583391368,
           0.35924502473533143,
           0.35035435444005353,
           0.32168865824032084,
           1,
           0.7069906767557284,
           0.5080505669380418,
           0.4346710249018907,
           0.5025599669499705,
           0.3167369548308737,
           0.28665012450286803,
           0.23232583546263433,
           0.2433266563386321,
           0.2122179509707027,
           0.3192168411517235,
           0.2896833898733286,
           0.23303607702107346,
           0.2426962348504461,
           0.21459354356285443,
           0.5122152533933255,
           0.38268426872502037,
           0.27694820412247,
           0.24102710259107227,
           0.2596622866933824,
           0.09431251567408687,
           -0.026507384781046105,
           -0.07633091719631081
          ],
          [
           0.4269871973880406,
           0.4745242389256511,
           0.3609107307556843,
           0.37317247915646296,
           0.17468632273397106,
           0.44816814167373037,
           0.4899711210261229,
           0.3723987664606799,
           0.3864598237722352,
           0.18293861625563565,
           0.7069906767557284,
           1,
           0.37462221528926093,
           0.43105928450676634,
           0.13248555125695075,
           0.337519088145801,
           0.3853549794362538,
           0.2447389033984509,
           0.28773097576309115,
           0.12142283770926847,
           0.3395842380118981,
           0.3868799184943348,
           0.24430019101030295,
           0.28690162276129894,
           0.1236392503926121,
           0.3837671138801324,
           0.538872921245445,
           0.21276652055438847,
           0.23918594670442345,
           0.07329827512415424,
           0.10911235801169247,
           -0.03240822477713007,
           -0.08656687097758346
          ],
          [
           0.3208877599164134,
           0.3133024437110556,
           0.44256635769156755,
           0.23741700279554867,
           0.255945576473121,
           0.3307022534077551,
           0.311286162600263,
           0.45172555109504703,
           0.23577324650296846,
           0.255039068363879,
           0.5080505669380418,
           0.37462221528926093,
           1,
           0.1636575836439255,
           0.3048593177595632,
           0.24979796039354463,
           0.22211371172665023,
           0.27278538942612174,
           0.15791182420469557,
           0.16256616682868877,
           0.249354683173606,
           0.2215135152555507,
           0.2733167880538546,
           0.15712790821650494,
           0.16050387348906106,
           0.2849783850153395,
           0.2086337409306608,
           0.4715478652157286,
           0.0802193320818591,
           0.1505146188048274,
           0.0660993300372081,
           -0.01876380747158443,
           -0.05329340913336177
          ],
          [
           0.4173909500585051,
           0.39373189344302617,
           0.2587215984204864,
           0.49353682926896225,
           0.2542097425091819,
           0.41521756828454204,
           0.41292359999878325,
           0.26785971914524764,
           0.5013645563632673,
           0.25568047446566183,
           0.4346710249018907,
           0.43105928450676634,
           0.1636575836439255,
           1,
           0.16217209348555733,
           0.3374276192703992,
           0.31203841170204555,
           0.17938725804978503,
           0.3573772514005046,
           0.18237198295108883,
           0.33789909174167504,
           0.3130353852048921,
           0.1792273180013305,
           0.35750235491511206,
           0.18342374668449862,
           0.235780610748753,
           0.2419325175991731,
           0.08427303057541623,
           0.5233768135615504,
           0.09393833986184545,
           0.10314530436968002,
           -0.03626372084265893,
           -0.07652178179761268
          ],
          [
           0.27053114211516266,
           0.13305917628687297,
           0.23748109315890786,
           0.18860524938732204,
           0.4410187193237516,
           0.2871898484087619,
           0.141790248810198,
           0.24212971013341458,
           0.19613816530889044,
           0.4580863831696193,
           0.5025599669499705,
           0.13248555125695075,
           0.3048593177595632,
           0.16217209348555733,
           1,
           0.21990646866586766,
           0.12315348304976875,
           0.16342550090750266,
           0.15702832081811688,
           0.30584563192425224,
           0.2211717658037285,
           0.12409347606065459,
           0.16446309217012312,
           0.1562148851339198,
           0.3065654905125346,
           0.2561624948054849,
           0.0773322690711628,
           0.15965236922235929,
           0.08598918621468676,
           0.499106787921692,
           0.0457806085487352,
           -0.02168859451771122,
           -0.028632941183638603
          ],
          [
           0.6970897327850676,
           0.6116385467499461,
           0.5742873360438029,
           0.5901273500589614,
           0.4808292439897111,
           0.716844681110744,
           0.6283405181925078,
           0.58877753760899,
           0.5990687185737529,
           0.48098181580263155,
           0.3167369548308737,
           0.337519088145801,
           0.24979796039354463,
           0.3374276192703992,
           0.21990646866586766,
           1,
           0.8154149887495066,
           0.7136818085072631,
           0.6859657780269514,
           0.6346485524176648,
           0.9861498014740021,
           0.8104584646431446,
           0.7135579781482406,
           0.685871556276402,
           0.6305530752386035,
           0.33035332453790955,
           0.3207278592077899,
           0.270793712806014,
           0.288521101696484,
           0.24334879020177047,
           0.14705840077875715,
           -0.052392904320839304,
           -0.10855947484362445
          ],
          [
           0.6234761556172407,
           0.7190088061121734,
           0.4956382420375741,
           0.5614689201318006,
           0.2607389116300679,
           0.6318940103860917,
           0.7318484699375797,
           0.506391060447353,
           0.5718578377952709,
           0.2476972230238021,
           0.28665012450286803,
           0.3853549794362538,
           0.22211371172665023,
           0.31203841170204555,
           0.12315348304976875,
           0.8154149887495066,
           1,
           0.5886449897912779,
           0.6460427867856581,
           0.2781338073701356,
           0.810716619533008,
           0.9921698030648568,
           0.5887439468262814,
           0.6456463981530445,
           0.2718509664949149,
           0.27536580315666104,
           0.3808253154295194,
           0.22589970822229302,
           0.261404936534491,
           0.12358952864164979,
           0.15898703313026036,
           -0.05465228043414903,
           -0.11903946131618492
          ],
          [
           0.46979441973563363,
           0.416609987416242,
           0.6200253145108553,
           0.32716893916137574,
           0.36593565135593664,
           0.4959750212928837,
           0.433023279511338,
           0.6372712850123377,
           0.33421859202024146,
           0.3744946178493499,
           0.23232583546263433,
           0.2447389033984509,
           0.27278538942612174,
           0.17938725804978503,
           0.16342550090750266,
           0.7136818085072631,
           0.5886449897912779,
           1,
           0.31350597870614644,
           0.5204290214205594,
           0.7195391775376355,
           0.5884950912984427,
           0.9983516674045141,
           0.3134092178121568,
           0.5224091065286763,
           0.2607527128999731,
           0.23638091687690607,
           0.37560794934769304,
           0.1266248099265144,
           0.19603002434141825,
           0.088867996819405,
           -0.031098553559169576,
           -0.06606809855569744
          ],
          [
           0.530316942962466,
           0.5294766354024518,
           0.34304276388827276,
           0.6839020948053932,
           0.32799582910571246,
           0.5537461644600113,
           0.5551658650186194,
           0.3581147058215862,
           0.6940320656603104,
           0.3343124682261619,
           0.2433266563386321,
           0.28773097576309115,
           0.15791182420469557,
           0.3573772514005046,
           0.15702832081811688,
           0.6859657780269514,
           0.6460427867856581,
           0.31350597870614644,
           1,
           0.37379254483535584,
           0.6912650064253896,
           0.6476894788150739,
           0.3133082875922244,
           0.9983233216248459,
           0.37549004516972334,
           0.22622456946895927,
           0.2416948941575278,
           0.1297239229444245,
           0.37939887444284554,
           0.14057387797858242,
           0.14178297363155995,
           -0.05349697145142681,
           -0.1017249599889947
          ],
          [
           0.44197838567704456,
           0.2331354234010303,
           0.39254967367797927,
           0.3093118440023276,
           0.6635273548555067,
           0.4608500210104847,
           0.2372233991526472,
           0.40373009899152185,
           0.31838900586714436,
           0.6750779535499057,
           0.2122179509707027,
           0.12142283770926847,
           0.16256616682868877,
           0.18237198295108883,
           0.30584563192425224,
           0.6346485524176648,
           0.2781338073701356,
           0.5204290214205594,
           0.37379254483535584,
           1,
           0.6332285477623247,
           0.2695893142217601,
           0.5197293014901985,
           0.3734101048060806,
           0.9928919985465717,
           0.21973445666189373,
           0.12586645819050596,
           0.20342852999827443,
           0.15758355387545664,
           0.37282402268997455,
           0.05642913703246448,
           -0.02378219325619549,
           -0.03808786450903802
          ],
          [
           0.688531972697469,
           0.607167272457681,
           0.5772387418380687,
           0.5928664712659573,
           0.47897828039894086,
           0.7244276546612618,
           0.6279427761997326,
           0.5922470543579137,
           0.6021539097416246,
           0.4849518429124709,
           0.3192168411517235,
           0.3395842380118981,
           0.249354683173606,
           0.33789909174167504,
           0.2211717658037285,
           0.9861498014740021,
           0.810716619533008,
           0.7195391775376355,
           0.6912650064253896,
           0.6332285477623247,
           1,
           0.8102211439894874,
           0.719324190627645,
           0.6909556288609714,
           0.6344446879822679,
           0.33278282633930634,
           0.3224991225352153,
           0.2686783137677802,
           0.28934678390020746,
           0.24358651245869012,
           0.14595972380734962,
           -0.05159292717956964,
           -0.10813711242907457
          ],
          [
           0.6176047829757673,
           0.7111271280674658,
           0.4938366301985845,
           0.5616170252556368,
           0.2537493449555969,
           0.6311033199013089,
           0.7335891993607627,
           0.504939148968139,
           0.5721532080105403,
           0.2464220067684981,
           0.2896833898733286,
           0.3868799184943348,
           0.2215135152555507,
           0.3130353852048921,
           0.12409347606065459,
           0.8104584646431446,
           0.9921698030648568,
           0.5884950912984427,
           0.6476894788150739,
           0.2695893142217601,
           0.8102211439894874,
           1,
           0.5888717986898008,
           0.6472914910675237,
           0.26987007379993755,
           0.27838106126734163,
           0.3838128517411024,
           0.22675646789056675,
           0.2631875282061092,
           0.12490534098554489,
           0.15907374765697307,
           -0.055205445952185704,
           -0.11860698499031368
          ],
          [
           0.46867182180048206,
           0.41604133745810157,
           0.619723139111583,
           0.32649027103056166,
           0.36522385787633566,
           0.49570582912614713,
           0.43315505572017526,
           0.637432963692484,
           0.33372328913224497,
           0.3745055422284855,
           0.23303607702107346,
           0.24430019101030295,
           0.2733167880538546,
           0.1792273180013305,
           0.16446309217012312,
           0.7135579781482406,
           0.5887439468262814,
           0.9983516674045141,
           0.3133082875922244,
           0.5197293014901985,
           0.719324190627645,
           0.5888717986898008,
           1,
           0.3131653914101508,
           0.5220765985218764,
           0.26099783486755385,
           0.23549134929977983,
           0.37554804362815136,
           0.12698166642746253,
           0.1964693714427888,
           0.08794925472952952,
           -0.030690255300932494,
           -0.06546759607811663
          ],
          [
           0.5297029903860657,
           0.5279496164925849,
           0.34216898121572287,
           0.6832485509524011,
           0.3266213511836409,
           0.5523777844027998,
           0.554091045474838,
           0.3575414488108912,
           0.6936585381440189,
           0.3331763690506748,
           0.2426962348504461,
           0.28690162276129894,
           0.15712790821650494,
           0.35750235491511206,
           0.1562148851339198,
           0.685871556276402,
           0.6456463981530445,
           0.3134092178121568,
           0.9983233216248459,
           0.3734101048060806,
           0.6909556288609714,
           0.6472914910675237,
           0.3131653914101508,
           1,
           0.37510218717656857,
           0.22526652352283286,
           0.24127230018650309,
           0.12911732356412708,
           0.3790510198815729,
           0.13948965990625428,
           0.142004482555672,
           -0.05378410638817815,
           -0.10169033609660093
          ],
          [
           0.4371011381512386,
           0.22604770672509364,
           0.3934347553883583,
           0.31051522337530435,
           0.6575946472055358,
           0.4627057198321839,
           0.23615073475709175,
           0.4048567081443692,
           0.3196828860724769,
           0.6795173323013717,
           0.21459354356285443,
           0.1236392503926121,
           0.16050387348906106,
           0.18342374668449862,
           0.3065654905125346,
           0.6305530752386035,
           0.2718509664949149,
           0.5224091065286763,
           0.37549004516972334,
           0.9928919985465717,
           0.6344446879822679,
           0.26987007379993755,
           0.5220765985218764,
           0.37510218717656857,
           1,
           0.2216093637929352,
           0.12896363501772565,
           0.20256056597999247,
           0.15836240696483472,
           0.3730584170328389,
           0.05783251161768221,
           -0.024347228201022458,
           -0.039057978661322976
          ],
          [
           0.23055978182726947,
           0.19170213437846892,
           0.1940425924349018,
           0.19130293924000255,
           0.1646075645182314,
           0.2486825889570934,
           0.20526702614639028,
           0.19991263229328,
           0.2009474344599285,
           0.17069439579492512,
           0.5122152533933255,
           0.3837671138801324,
           0.2849783850153395,
           0.235780610748753,
           0.2561624948054849,
           0.33035332453790955,
           0.27536580315666104,
           0.2607527128999731,
           0.22622456946895927,
           0.21973445666189373,
           0.33278282633930634,
           0.27838106126734163,
           0.26099783486755385,
           0.22526652352283286,
           0.2216093637929352,
           1,
           0.6596415825205091,
           0.5065928524563473,
           0.37136360401422563,
           0.4430076221509768,
           0.05323630550277822,
           -0.013763776560801192,
           -0.04422073617938904
          ],
          [
           0.24850903379223374,
           0.2700874809691217,
           0.2004639837643961,
           0.21254928103101245,
           0.12177309368739721,
           0.2620703230170997,
           0.27872455299973903,
           0.20742157670369663,
           0.22100919959210893,
           0.12690367311232528,
           0.38268426872502037,
           0.538872921245445,
           0.2086337409306608,
           0.2419325175991731,
           0.0773322690711628,
           0.3207278592077899,
           0.3808253154295194,
           0.23638091687690607,
           0.2416948941575278,
           0.12586645819050596,
           0.3224991225352153,
           0.3838128517411024,
           0.23549134929977983,
           0.24127230018650309,
           0.12896363501772565,
           0.6596415825205091,
           1,
           0.34088313793573505,
           0.35195416859533973,
           0.09600404301172859,
           0.05160560405291702,
           -0.023861064160627356,
           -0.03283843404425011
          ],
          [
           0.1888064309521572,
           0.1697611789135965,
           0.25164728368294087,
           0.135242190189222,
           0.14960343079058402,
           0.1968666240653187,
           0.17321047845983062,
           0.25594242228168074,
           0.13315445604448728,
           0.1462684120337663,
           0.27694820412247,
           0.21276652055438847,
           0.4715478652157286,
           0.08427303057541623,
           0.15965236922235929,
           0.270793712806014,
           0.22589970822229302,
           0.37560794934769304,
           0.1297239229444245,
           0.20342852999827443,
           0.2686783137677802,
           0.22675646789056675,
           0.37554804362815136,
           0.12911732356412708,
           0.20256056597999247,
           0.5065928524563473,
           0.34088313793573505,
           1,
           0.07712248554663088,
           0.2684404911595822,
           0.036896686664834595,
           -0.00914273072219222,
           -0.031014237277948203
          ],
          [
           0.22607815355615263,
           0.20821892055549251,
           0.1328174368465022,
           0.2826318663964869,
           0.1359280398643993,
           0.22885757768138393,
           0.22164983797030505,
           0.136743090927253,
           0.2857286266565579,
           0.1387726582240116,
           0.24102710259107227,
           0.23918594670442345,
           0.0802193320818591,
           0.5233768135615504,
           0.08598918621468676,
           0.288521101696484,
           0.261404936534491,
           0.1266248099265144,
           0.37939887444284554,
           0.15758355387545664,
           0.28934678390020746,
           0.2631875282061092,
           0.12698166642746253,
           0.3790510198815729,
           0.15836240696483472,
           0.37136360401422563,
           0.35195416859533973,
           0.07712248554663088,
           1,
           0.12542029825058645,
           0.056821494750252485,
           -0.015958954651643913,
           -0.04597575682466351
          ],
          [
           0.1732697286302277,
           0.10282750656018226,
           0.14193946069139915,
           0.1180763453841655,
           0.2669967956115388,
           0.1793629088170707,
           0.10442798458307087,
           0.1420807599672408,
           0.1210538667089093,
           0.2691482285644569,
           0.2596622866933824,
           0.07329827512415424,
           0.1505146188048274,
           0.09393833986184545,
           0.499106787921692,
           0.24334879020177047,
           0.12358952864164979,
           0.19603002434141825,
           0.14057387797858242,
           0.37282402268997455,
           0.24358651245869012,
           0.12490534098554489,
           0.1964693714427888,
           0.13948965990625428,
           0.3730584170328389,
           0.4430076221509768,
           0.09600404301172859,
           0.2684404911595822,
           0.12542029825058645,
           1,
           0.03010023905846025,
           -0.016220525326708524,
           -0.016965619984117476
          ],
          [
           0.16913196713550505,
           0.19210598871483886,
           0.13260548167288774,
           0.17569269296739873,
           0.0718788065175838,
           0.1773015014821171,
           0.19927827998359302,
           0.1382391500238542,
           0.17916334718646001,
           0.0705928319431728,
           0.09431251567408687,
           0.10911235801169247,
           0.0660993300372081,
           0.10314530436968002,
           0.0457806085487352,
           0.14705840077875715,
           0.15898703313026036,
           0.088867996819405,
           0.14178297363155995,
           0.05642913703246448,
           0.14595972380734962,
           0.15907374765697307,
           0.08794925472952952,
           0.142004482555672,
           0.05783251161768221,
           0.05323630550277822,
           0.05160560405291702,
           0.036896686664834595,
           0.056821494750252485,
           0.03010023905846025,
           1,
           -0.5190611720717326,
           -0.5826309054486362
          ],
          [
           -0.04292053718273975,
           -0.05571414539782561,
           -0.0360371321795871,
           -0.051991738173008006,
           -0.02551556075475094,
           -0.0509568208292996,
           -0.059728252194826484,
           -0.04159692415304983,
           -0.05411342129118358,
           -0.02577385627915656,
           -0.026507384781046105,
           -0.03240822477713007,
           -0.01876380747158443,
           -0.03626372084265893,
           -0.02168859451771122,
           -0.052392904320839304,
           -0.05465228043414903,
           -0.031098553559169576,
           -0.05349697145142681,
           -0.02378219325619549,
           -0.05159292717956964,
           -0.055205445952185704,
           -0.030690255300932494,
           -0.05378410638817815,
           -0.024347228201022458,
           -0.013763776560801192,
           -0.023861064160627356,
           -0.00914273072219222,
           -0.015958954651643913,
